SU(3)_version_1.3
logfile

Fri Apr 14 18:23:44 2023

START_PARAMS
Gauge field precision = d
Nt = 4
Nx = 4
Ny = 4
Nz = 4
beta = 6.000000000000
n_run = 1
expectation_period = 1
n_smear = 7
n_smear_skip = 5
rho_stout = 0.120000000000
n_metro = 0
multi_hit = 8
metro_target_acceptance = 0.500000000000
n_heatbath = 0
n_hmc = 10
n_orelax = 0
n_instanton_update = 0
metadynamics_enabled = 0
metapotential_updated = 0
n_smear_meta = 4
tempering_enabled = 0
tempering_nonmetadynamics_sweeps = 1
tempering_swap_period = 1
END_PARAMS

[Step 0] -Fri Apr 14 18:23:46 2023-
Smoothing method: Euler/StoutSmearing
DeltaH: 0.000000000000
Wilson_Action: 0.412181662153 0.007848514946 0.001875450236 0.000857666791 0.000494301111 0.000314726827 0.000209971405 0.000143513262
Improved_Action: 0.582213555369 0.008774648910 0.001983410099 0.000887663173 0.000506774930 0.000321302496 0.000213932285 0.000146079747
Plaquette: 10.580730081246 17.858726730976 17.966241895748 17.984561997766 17.991102580006 17.994334917121 17.996220514705 17.997416761287
E_plaq: 14.838539837507 0.282546538048 0.067516208504 0.030876004468 0.017794839987 0.011330165759 0.007558970590 0.005166477426
E_clov: 2.071109439059 0.190652382217 0.056346963806 0.027733334089 0.016477371125 0.010631172651 0.007135897554 0.004891422799
Wilson_Action(unnormalized): 3798.666198401827 72.331913740253 17.284149376960 7.904257143921 4.555479036765 2.900522434268 1.935096471049 1.322618221015
Wilson_loop(L=2): 0.818614936990 0.082545667514 0.024888135248 0.012303514138 0.007319150024 0.004724037627 0.003171245194 0.002173868186
Wilson_loop(L=4): 0.895159142023 0.404267348391 0.218644394549 0.134524427484 0.087631874346 0.058907744228 0.040312120956 0.027892553118
Wilson_loop(L=8): 0.710900298114 0.669166108684 0.728488547527 0.619322244253 0.473513595922 0.346299375821 0.247859584161 0.175440259898
Polyakov_loop(Re): 0.525524606862 1.676977408691 1.899939510929 1.994090397032 2.047954432182 2.081237095006 2.102551876801 2.116467048545
Polyakov_loop(Im): -0.151408509712 -0.225809683613 -0.200043972006 -0.178472126319 -0.166259142264 -0.159520962134 -0.155824883064 -0.153842910037
TopChargeClov: 0.026122140253 0.004837527753 0.000852030991 0.000270627227 0.000122706300 0.000062028187 0.000032474148 0.000017256133
TopChargePlaq: 0.280233183584 -0.034842664512 -0.008065297078 -0.002514044861 -0.001039477927 -0.000595247222 -0.000403280416 -0.000289686449

